2453979.5  0.5195786943635703e+00  0.6997694979028765e+00 -0.2454767502387770e-01
2453999.5  0.2245625644295315e+00  0.9123899835681922e+00 -0.4291522844278367e-01
2454019.5 -0.1038896812788319e+00  0.9954374063631439e+00 -0.5522332607842954e-01
2454039.5 -0.4208308677598029e+00  0.9612097702618512e+00 -0.6104027696634309e-01
2454059.5 -0.6950515033623810e+00  0.8288338869230029e+00 -0.6062730808586348e-01
2454079.5 -0.9045579381238125e+00  0.6194399064708105e+00 -0.5457390884031336e-01
2454099.5 -0.1033145854158548e+01  0.3550494049282309e+00 -0.4365633878889697e-01
2454119.5 -0.1068439779566184e+01  0.5919920571318232e-01 -0.2882343080100140e-01
2454139.5 -0.1001345223147808e+01 -0.2414996301577137e+00 -0.1126599032831941e-01
2454159.5 -0.8272031362155772e+00 -0.5151915744528281e+00  0.7440391256802742e-02
2454179.5 -0.5496237154711017e+00 -0.7225508591892115e+00  0.2512501210104154e-01
2454199.5 -0.1886681939109421e+00 -0.8166185747573456e+00  0.3881624466499870e-01
2454219.5  0.2063832481774142e+00 -0.7508812831720589e+00  0.4486189314759939e-01
2454239.5  0.5495514408810914e+00 -0.5052338456723566e+00  0.4012456411961858e-01
2454259.5  0.7432126027943874e+00 -0.1221742670987448e+00  0.2450324079943754e-01
2454279.5  0.7384244769851078e+00  0.2965048174765939e+00  0.2211856933474746e-02
2454299.5  0.5616725025787749e+00  0.6504387540861229e+00 -0.2079349451090143e-01
2454319.5  0.2783526199719614e+00  0.8858214774493813e+00 -0.4008587312433806e-01
2454339.5 -0.4796978564318521e-01  0.9909368184806733e+00 -0.5351257903553476e-01
2454359.5 -0.3695296394633291e+00  0.9759136887954243e+00 -0.6045916276958007e-01
2454379.5 -0.6530523981692298e+00  0.8591813978269935e+00 -0.6110019466806765e-01
2454399.5 -0.8752225267255591e+00  0.6616676178459293e+00 -0.5598263571439024e-01
2454419.5 -0.1019005169065274e+01  0.4052241954029687e+00 -0.4585377913626009e-01
2454439.5 -0.1071435576361895e+01  0.1130279753662100e+00 -0.3162920346262480e-01
2454459.5 -0.1022817586148400e+01 -0.1889957183284259e+00 -0.1444885893008215e-01
2454479.5 -0.8675309273343118e+00 -0.4700880326694975e+00  0.4193055914997116e-02
2454499.5 -0.6072852949065400e+00 -0.6923573624743257e+00  0.2224772270277497e-01
2454519.5 -0.2584189683734818e+00 -0.8099589977486124e+00  0.3689167506601009e-01
2454539.5  0.1358818998895553e+00 -0.7750294693770737e+00  0.4454747382551283e-01
2454559.5  0.4955902602927849e+00 -0.5600712961310302e+00  0.4182962768655549e-01
2454579.5  0.7211951721769952e+00 -0.1949132410308507e+00  0.2792098663271454e-01
2454599.5  0.7512513161196975e+00  0.2256551192217041e+00  0.6364032353811697e-02
2454619.5  0.6004272828823711e+00  0.5962743494143867e+00 -0.1690426404583257e-01
2454639.5  0.3309016241752138e+00  0.8542174171758667e+00 -0.3706148944187110e-01
2454659.5  0.8255190067914212e-02  0.9818792922064321e+00 -0.5159481164383520e-01
2454679.5 -0.3168688203745479e+00  0.9868013399395018e+00 -0.5968390612350453e-01
2454699.5 -0.6089942388505444e+00  0.8865365226357553e+00 -0.6140432925155642e-01
2454719.5 -0.8433792077489763e+00  0.7017522736733174e+00 -0.5725525284992841e-01
2454739.5 -0.1002097694372297e+01  0.4541260044140531e+00 -0.4795355944238087e-01
2454759.5 -0.1071574131422665e+01  0.1664945928894524e+00 -0.3438238378532523e-01
2454779.5 -0.1041531230431746e+01 -0.1358691372913844e+00 -0.1763341282132713e-01
2454799.5 -0.9054704642971237e+00 -0.4232701857324701e+00  0.8762838268875600e-03
2454819.5 -0.6633881912027463e+00 -0.6592648975885861e+00  0.1921553614662369e-01
2454839.5 -0.3282121797360879e+00 -0.7993262861472565e+00  0.3471330506075469e-01
2454859.5  0.6273759082167563e-01 -0.7949238979229469e+00  0.4389881611376464e-01
2454879.5  0.4360385017933802e+00 -0.6122985536881029e+00  0.4321442427611735e-01
2454899.5  0.6922895596394197e+00 -0.2686712556998677e+00  0.3117834210274257e-01
2454919.5  0.7586122465288423e+00  0.1503209235154810e+00  0.1057326311677205e-01
2454939.5  0.6364381960657121e+00  0.5360357662649299e+00 -0.1280902096319461e-01
2454959.5  0.3831406919284236e+00  0.8165445027275327e+00 -0.3377476966409342e-01
2454979.5  0.6584537205869403e-01  0.9674922018647306e+00 -0.4941643539020177e-01
2454999.5 -0.2618033639673000e+00  0.9932919427286645e+00 -0.5867572023025162e-01
2455019.5 -0.5619034167138329e+00  0.9104039485729880e+00 -0.6151194928735756e-01
2455039.5 -0.8081126512193418e+00  0.7391872592040375e+00 -0.5836952057311140e-01
2455059.5 -0.9815056068119704e+00  0.5011710799265262e+00 -0.4993350281494931e-01
2455079.5 -0.1067843893681301e+01  0.2189141151783316e+00 -0.3705643273476341e-01
2455099.5 -0.1056272899463511e+01 -0.8287912867314336e-01 -0.2078607596891568e-01
2455119.5 -0.9394957918127634e+00 -0.3754808387527777e+00 -0.2469112896780543e-02
2455139.5 -0.7159997405782930e+00 -0.6238247162238224e+00  0.1607255568438973e-01
2455159.5 -0.3956859343772227e+00 -0.7847953519274202e+00  0.3231554783846140e-01
2455179.5 -0.1045695026618278e-01 -0.8097755995976282e+00  0.4291494286572210e-01
2455199.5  0.3731002145753449e+00 -0.6600140757594151e+00  0.4421305900756890e-01
2455219.5  0.6575361048869639e+00 -0.3408622165002246e+00  0.3414603681161553e-01
2455239.5  0.7603097870197830e+00  0.7285512556903438e-01  0.1469133721344192e-01
2455259.5  0.6688282910941371e+00  0.4713566648169034e+00 -0.8635972299437890e-02
2455279.5  0.4339999215996566e+00  0.7737341672411192e+00 -0.3032156587661453e-01
2455299.5  0.1237872630973060e+00  0.9481591568681289e+00 -0.4704137281790328e-01
2455319.5 -0.2051751975340008e+00  0.9953597428144684e+00 -0.5746942219094799e-01
2455339.5 -0.5123928187638366e+00  0.9304547756327102e+00 -0.6143179822956151e-01
2455359.5 -0.7697726233189217e+00  0.7734236853030494e+00 -0.5931125096881400e-01
2455379.5 -0.9572902815724814e+00  0.5456592860696401e+00 -0.5175958774131228e-01
2455399.5 -0.1059993856908540e+01  0.2694966794790108e+00 -0.3960061781217014e-01
2455419.5 -0.1066451072623729e+01 -0.3084346717533780e-01 -0.2384282530925401e-01
2455439.5 -0.9686379721442264e+00 -0.3274924863886927e+00 -0.5770123326449434e-02
2455459.5 -0.7637272411936809e+00 -0.5866576124477311e+00  0.1289443599261313e-01
2455479.5 -0.4589864377070746e+00 -0.7666498634700840e+00  0.2976617968267118e-01
2455499.5 -0.8145380502953448e-01 -0.8192096919967533e+00  0.4163609337197745e-01
2455519.5  0.3090069664654803e+00 -0.7018239138137369e+00  0.4480931287330970e-01
2455539.5  0.6183806234265593e+00 -0.4091852894344062e+00  0.3674069262052536e-01
2455559.5  0.7566444867464802e+00 -0.4312752603969419e-02  0.1860283737731961e-01
2455579.5  0.6971266108808957e+00  0.4041817046562859e+00 -0.4489582316280624e-02
2455599.5  0.4827139174788225e+00  0.7271544747570390e+00 -0.2677885177415334e-01
2455619.5  0.1812914271218150e+00  0.9248021378833154e+00 -0.4452054876012762e-01
2455639.5 -0.1476791627110078e+00  0.9936347183193366e+00 -0.5609785752889052e-01
2455659.5 -0.4610214595442788e+00  0.9471545336316920e+00 -0.6118678155290791e-01
2455679.5 -0.7287863666034076e+00  0.8048593591046262e+00 -0.6009963082482015e-01
2455699.5 -0.9297807775004918e+00  0.5879878708328080e+00 -0.5345184172872696e-01
2455719.5 -0.1048307018881393e+01  0.3186744147575379e+00 -0.4203866323091405e-01
2455739.5 -0.1072361806034296e+01  0.2070368437007213e-01 -0.2683179093573958e-01
2455759.5 -0.9932548927760615e+00 -0.2788488098206954e+00 -0.9057135353417628e-02
2455779.5 -0.8069991516335610e+00 -0.5474005031031410e+00  0.9654230998781878e-02
2455799.5 -0.5185387380310251e+00 -0.7447132214393777e+00  0.2705038372988637e-01
2455819.5 -0.1505046052713812e+00 -0.8232417437367814e+00  0.4006620126483351e-01
2455839.5  0.2438014770947275e+00 -0.7377446946842747e+00  0.4502016066291052e-01
2455859.5  0.5749960397106983e+00 -0.4734616729228215e+00  0.3897762058098020e-01
2455879.5  0.7477316527425606e+00 -0.8093909879134965e-01  0.2232201843867362e-01
2455899.5  0.7215053313013640e+00  0.3346848715185323e+00 -0.3488959132288338e-03
2455919.5  0.5296226350573126e+00  0.6770047335318266e+00 -0.2312301136155008e-01
2455939.5  0.2388255612833627e+00  0.8977622308587017e+00 -0.4183522364673995e-01
2455959.5 -0.8881613398366714e-01  0.9886361828377770e+00 -0.5454986596696949e-01
2455979.5 -0.4073447659463262e+00  0.9611820097042095e+00 -0.6077283053704275e-01
2455999.5 -0.6848213673271447e+00  0.8342898095025225e+00 -0.6073630465089993e-01
2456019.5 -0.8987881318724058e+00  0.6290173244655750e+00 -0.5501558156913144e-01
2456039.5 -0.1032749298385929e+01  0.3673181614656197e+00 -0.4437717522055944e-01
2456059.5 -0.1074119603032909e+01  0.7258846209422955e-01 -0.2975844156236854e-01
2456079.5 -0.1013582880344025e+01 -0.2288228428173295e+00 -0.1233189124530070e-01
2456099.5 -0.8461169767688803e+00 -0.5054741401130178e+00  0.6356697397616750e-02
2456119.5 -0.5746092182198687e+00 -0.7185733561168564e+00  0.2418150200771162e-01
2456139.5 -0.2177081298461706e+00 -0.8215550822426254e+00  0.3822517795696818e-01
2456159.5  0.1775899300294870e+00 -0.7673327743166523e+00  0.4486025012902657e-01
2456179.5  0.5274388649984211e+00 -0.5329425305309888e+00  0.4085072879649670e-01
2456199.5  0.7333021498335235e+00 -0.1561928466370742e+00  0.2582836244243546e-01
2456219.5  0.7415083050381599e+00  0.2634857677905518e+00  0.3771587986978766e-02
2456239.5  0.5743253229906777e+00  0.6237150352940039e+00 -0.1935615943739951e-01
2456259.5  0.2961249815153880e+00  0.8674259352464667e+00 -0.3897722335229756e-01
2456279.5 -0.2872795434614104e-01  0.9808090003695736e+00 -0.5280444018847400e-01
2456299.5 -0.3514166317622476e+00  0.9730804288808205e+00 -0.6014554619538599e-01
2456319.5 -0.6378801491802857e+00  0.8623441638266178e+00 -0.6113714625102459e-01
2456339.5 -0.8642973532017491e+00  0.6694106990227660e+00 -0.5631817252910160e-01
2456359.5 -0.1013297859460305e+01  0.4160554888009542e+00 -0.4643857408342240e-01
2456379.5 -0.1071656923811077e+01  0.1253311579992016e+00 -0.3240984214621965e-01
2456399.5 -0.1029413963870762e+01 -0.1770532595250129e+00 -0.1535966678447402e-01
2456419.5 -0.8805730695800449e+00 -0.4606675430656362e+00  0.3239769722735842e-02
2456439.5 -0.6261860452909993e+00 -0.6880328929686118e+00  0.2137412047591970e-01
2456459.5 -0.2813919487419781e+00 -0.8136049056342504e+00  0.3626465086490744e-01
2456479.5  0.1125436311765255e+00 -0.7890866058913470e+00  0.4436264573785095e-01
2456499.5  0.4775564528481143e+00 -0.5847182572198752e+00  0.4222474096247144e-01
2456519.5  0.7138147810659580e+00 -0.2262493352396328e+00  0.2883490981483928e-01
2456539.5  0.7560171436216750e+00  0.1941774028932695e+00  0.7525195566854610e-02
2456559.5  0.6147295061206235e+00  0.5699368800741698e+00 -0.1579329842114207e-01
2456579.5  0.3507221942400688e+00  0.8353785915397094e+00 -0.3618588661899799e-01
2456599.5  0.3006835464090830e-01  0.9707867362876734e+00 -0.5102915281005511e-01
2456619.5 -0.2956627712042019e+00  0.9826899060014191e+00 -0.5943869782435082e-01
2456639.5 -0.5902265178601342e+00  0.8882476199632425e+00 -0.6146011156577329e-01
2456659.5 -0.8283455383165569e+00  0.7079846441627416e+00 -0.5757937640191248e-01
2456679.5 -0.9917281033553206e+00  0.4635014790159898e+00 -0.4850630153465216e-01
2456699.5 -0.1066525365926986e+01  0.1775380543955103e+00 -0.3511716616479607e-01
2456719.5 -0.1042204101792609e+01 -0.1247938290737840e+00 -0.1849319617929028e-01
2456739.5 -0.9119382113722315e+00 -0.4140473331930900e+00 -0.3439433704304027e-04
2456759.5 -0.6751899372470720e+00 -0.6540995814699710e+00  0.1835452016851968e-01
2456779.5 -0.3439385754758484e+00 -0.8006842306662596e+00  0.3403794516040452e-01
2456799.5  0.4604040353398088e-01 -0.8050197093057024e+00  0.4357289420542934e-01
2456819.5  0.4230717534117103e+00 -0.6316905003889171e+00  0.4336924373192211e-01
2456839.5  0.6879247591744569e+00 -0.2945550343375299e+00  0.3179464676362383e-01
2456859.5  0.7647956698120383e+00  0.1234527073010311e+00  0.1144207825491646e-01
2456879.5  0.6513650677475437e+00  0.5130985184114997e+00 -0.1194599453864792e-01
2456899.5  0.4033993598618898e+00  0.7999738685645637e+00 -0.3308944007327873e-01
2456919.5  0.8828022952760627e-01  0.9577357969788063e+00 -0.4898212298791485e-01
2456939.5 -0.2395613680154296e+00  0.9897937712854334e+00 -0.5850610047619372e-01
2456959.5 -0.5415302196130490e+00  0.9122049626934960e+00 -0.6159261159610965e-01
2456979.5 -0.7907918348038483e+00  0.7451810764191570e+00 -0.5867406676490005e-01
2456999.5 -0.9680829671087144e+00  0.5101807231338686e+00 -0.5042976973652270e-01
2457019.5 -0.1058915956962424e+01  0.2296862433837803e+00 -0.3770736658886141e-01
2457039.5 -0.1052212383992588e+01 -0.7172048387813965e-01 -0.2154733486930141e-01
2457059.5 -0.9404056843233559e+00 -0.3655012722141432e+00 -0.3283971977877294e-02
2457079.5 -0.7215638066019568e+00 -0.6168404964262141e+00  0.1528077144235450e-01
2457099.5 -0.4048607332615665e+00 -0.7828466323579237e+00  0.3165128704651862e-01
2457119.5 -0.2100142829884707e-01 -0.8147849596487137e+00  0.4250810060773737e-01
2457139.5  0.3648967913831568e+00 -0.6727621572056247e+00  0.4417999847670676e-01
2457159.5  0.6558597847391199e+00 -0.3595204122737296e+00  0.3449878921331083e-01
2457179.5  0.7673216002212686e+00  0.5264168384031409e-01  0.1528439852280159e-01
2457199.5  0.6834870267163067e+00  0.4539298127413944e+00 -0.8012151263047483e-02
2457219.5  0.4535791907095328e+00  0.7614977448304152e+00 -0.2981895409046465e-01
2457239.5  0.1455758996975621e+00  0.9417448295064303e+00 -0.4673057785978455e-01
2457259.5 -0.1832784656484937e+00  0.9944427609350082e+00 -0.5736907859190907e-01
2457279.5 -0.4919039417049876e+00  0.9343023274099098e+00 -0.6153514279681802e-01
2457299.5 -0.7517827854623744e+00  0.7811409626583532e+00 -0.5960024527505960e-01
2457319.5 -0.9425980703103969e+00  0.5562700584279426e+00 -0.5221084536402931e-01
2457339.5 -0.1049183054349578e+01  0.2819458523637822e+00 -0.4018646948752094e-01
2457359.5 -0.1059915622532076e+01 -0.1772554637717380e-01 -0.2452944907884547e-01
2457379.5 -0.9665481324989150e+00 -0.3150462554993377e+00 -0.6513302403214906e-02
2457399.5 -0.7659113675460683e+00 -0.5764507198233443e+00  0.1215584475717812e-01
2457419.5 -0.4646808294716891e+00 -0.7604726658962520e+00  0.2911762261840039e-01
2457439.5 -0.8889753702998632e-01 -0.8188330964031808e+00  0.4118665891830171e-01
2457459.5  0.3028945628716320e+00 -0.7082007419935620e+00  0.4465915689339972e-01
2457479.5  0.6173641657779854e+00 -0.4211410274703931e+00  0.3690805521018723e-01
2457499.5  0.7630653882712207e+00 -0.1825860170443783e-01  0.1896683437498629e-01
2457519.5  0.7104846152461394e+00  0.3922369542088804e+00 -0.4119631633489620e-02
2457539.5  0.5007508388469234e+00  0.7196424083824412e+00 -0.2652735764770697e-01
2457559.5  0.2015978821621328e+00  0.9225330210380088e+00 -0.4443182447797345e-01
2457579.5 -0.1270389809856128e+00  0.9965041974194577e+00 -0.5617366662344112e-01
2457599.5 -0.4415020622211382e+00  0.9546537875380473e+00 -0.6141253368140758e-01
2457619.5 -0.7115006247179365e+00  0.8163010326149216e+00 -0.6045689716125753e-01
2457639.5 -0.9156189225716753e+00  0.6025711997308068e+00 -0.5392228796181054e-01
2457659.5 -0.1038005184775543e+01  0.3354735803032199e+00 -0.4260354847479438e-01
2457679.5 -0.1066518918724854e+01  0.3861535202973503e-01 -0.2746881721802642e-01
2457699.5 -0.9922881468323362e+00 -0.2611850626580825e+00 -0.9734906849704527e-02
2457719.5 -0.8110047226195349e+00 -0.5316928874812598e+00  0.8984500997401420e-02
2457739.5 -0.5269930627156199e+00 -0.7330608027829737e+00  0.2646522530624456e-01
2457759.5 -0.1617485850046653e+00 -0.8179397509804148e+00  0.3967552588466810e-01
2457779.5  0.2331032068460291e+00 -0.7404435562981168e+00  0.4494532275410842e-01
2457799.5  0.5694540535976681e+00 -0.4834999416080367e+00  0.3927130403286549e-01
2457819.5  0.7508346572434099e+00 -0.9443291614255010e-01  0.2287972321741744e-01
2457839.5  0.7333123046304010e+00  0.3227827152846742e+00  0.2616416510494101e-03
2457859.5  0.5475846274484180e+00  0.6700989278340270e+00 -0.2263337119672292e-01
2457879.5  0.2599042007385409e+00  0.8971184005181426e+00 -0.4154740573387403e-01
2457899.5 -0.6711840194604599e-01  0.9942222730263945e+00 -0.5448007866737652e-01
2457919.5 -0.3868851475566102e+00  0.9723888400240867e+00 -0.6090818638079387e-01
2457939.5 -0.6669867788318542e+00  0.8502730772064423e+00 -0.6105450091596881e-01
2457959.5 -0.8846596123952976e+00  0.6488084680201229e+00 -0.5549238816306641e-01
2457979.5 -0.1023204380433395e+01  0.3898242520757710e+00 -0.4498706400731380e-01
2457999.5 -0.1069871416996489e+01  0.9653542474008392e-01 -0.3047140590569162e-01
2458019.5 -0.1015149095676450e+01 -0.2049822160082067e+00 -0.1310756931924467e-01
2458039.5 -0.8536851457413768e+00 -0.4836717615399397e+00  0.5578231647568683e-02
2458059.5 -0.5877279766068253e+00 -0.7012036019917376e+00  0.2349192270798683e-01
2458079.5 -0.2347212241128852e+00 -0.8113335330793860e+00  0.3775686965745850e-01
2458099.5  0.1602403356177586e+00 -0.7664900805655404e+00  0.4476849179256655e-01
2458119.5  0.5150895393022128e+00 -0.5413674159326035e+00  0.4122872687587520e-01
2458139.5  0.7306247270480003e+00 -0.1699067927212650e+00  0.2658649426807438e-01
2458159.5  0.7493507850979809e+00  0.2505240228798065e+00  0.4658927081601602e-02
2458179.5  0.5899953736215285e+00  0.6160157352359635e+00 -0.1857672958638453e-01
2458199.5  0.3159516144086009e+00  0.8668387757647068e+00 -0.3843363018094791e-01
2458219.5 -0.7865342821213046e-02  0.9874265040864113e+00 -0.5253991530730340e-01
2458239.5 -0.3318261219041131e+00  0.9862016161428233e+00 -0.6016410196434822e-01
2458259.5 -0.6212397338128325e+00  0.8809789606602253e+00 -0.6142985262078791e-01
2458279.5 -0.8518691864691255e+00  0.6924587764648091e+00 -0.5686337896175224e-01
2458299.5 -0.1006091387970018e+01  0.4423119030574431e+00 -0.4719981759341615e-01
2458319.5 -0.1070517677842265e+01  0.1534177795618434e+00 -0.3333917648086149e-01
2458339.5 -0.1035021647745241e+01 -0.1488080382167730e+00 -0.1639397920747348e-01
2458359.5 -0.8933179919589846e+00 -0.4343904921395367e+00  0.2189217867515941e-02
2458379.5 -0.6458392616209682e+00 -0.6664617653224529e+00  0.2043721808427763e-01
2458399.5 -0.3064397468085115e+00 -0.8000506976863857e+00  0.3562640474846687e-01
2458419.5  0.8586605582702347e-01 -0.7866798625935538e+00  0.4424850794309506e-01
2458439.5  0.4555797873154511e+00 -0.5942525899297979e+00  0.4280030263389396e-01
2458459.5  0.7029612839685393e+00 -0.2437267724491274e+00  0.3002715734230729e-01
2458479.5  0.7583884772193936e+00  0.1762269415750712e+00  0.8995371128099307e-02
2458499.5  0.6274535861021296e+00  0.5577233920604008e+00 -0.1441815607601699e-01
2458519.5  0.3691704572026981e+00  0.8316578677214520e+00 -0.3513160631484968e-01
2458539.5  0.5021817687476866e-01  0.9758276844051048e+00 -0.5037813412947905e-01
2458559.5 -0.2767255370479980e+00  0.9956357836469149e+00 -0.5919344044804012e-01
2458579.5 -0.5745494240271580e+00  0.9078570953407211e+00 -0.6158866418142765e-01
2458599.5 -0.8174278425851984e+00  0.7329001695467693e+00 -0.5803663272487448e-01
2458619.5 -0.9867455231783061e+00  0.4922855109459877e+00 -0.4924074887432695e-01
2458639.5 -0.1068450553685298e+01  0.2086002521162073e+00 -0.3606966926539978e-01
2458659.5 -0.1051826437200350e+01 -0.9333334102868723e-01 -0.1959033263252626e-01
2458679.5 -0.9297537132485734e+00 -0.3845420550330848e+00 -0.1176180961613745e-02
2458699.5 -0.7010756782213489e+00 -0.6295692325547629e+00  0.1731243768299433e-01
2458719.5 -0.3764680536190076e+00 -0.7848444332567006e+00  0.3330198340675890e-01
2458739.5  0.1067732383198473e-01 -0.8016332442533014e+00  0.4340414614264083e-01
2458759.5  0.3917302639372271e+00 -0.6424007203707339e+00  0.4398950897072023e-01
2458779.5  0.6683801529823943e+00 -0.3158303419159916e+00  0.3318411819819329e-01
2458799.5  0.7606458567951954e+00  0.9987678050642948e-01  0.1325089782222856e-01
2458819.5  0.6601350035359063e+00  0.4950010080390756e+00 -0.1016781975479505e-01
2458839.5  0.4198423202272520e+00  0.7912654194244501e+00 -0.3164495601667951e-01
2458859.5  0.1075184900693494e+00  0.9591387781184251e+00 -0.4799809613446894e-01
2458879.5 -0.2211393455031534e+00  0.1000476287598898e+01 -0.5800241922977914e-01
2458899.5 -0.5264612828535042e+00  0.9307711476031710e+00 -0.6154017741324577e-01
2458919.5 -0.7809089658498450e+00  0.7700625058207893e+00 -0.5902394639871218e-01
2458939.5 -0.9647964514651669e+00  0.5397182363489211e+00 -0.5112355600263104e-01
2458959.5 -0.1063374458292717e+01  0.2620670590917110e+00 -0.3867730557062861e-01
2458979.5 -0.1065349455096203e+01 -0.3860515409222989e-01 -0.2271009075232485e-01
2458999.5 -0.9628469429891157e+00 -0.3342565772822078e+00 -0.4528072137431307e-02
2459019.5 -0.7533114225822609e+00 -0.5907919133992015e+00  0.1411398650985919e-01
2459039.5 -0.4445978358169139e+00 -0.7661334065226071e+00  0.3078897589514572e-01
2459059.5 -0.6491644714913759e-01 -0.8118236404383692e+00  0.4224648164954339e-01
2459079.5  0.3241056773942494e+00 -0.6861252341637534e+00  0.4479994791839924e-01
2459099.5  0.6273248553035707e+00 -0.3863640731747627e+00  0.3604642657271526e-01
2459119.5  0.7564144081799954e+00  0.2119360928818462e-01  0.1741564017277008e-01
2459139.5  0.6884599312521538e+00  0.4273648498279986e+00 -0.5823384680636976e-02
2459159.5  0.4686532139050962e+00  0.7451624631359526e+00 -0.2796479075743376e-01
2459179.5  0.1649319597777295e+00  0.9370040950946869e+00 -0.4539290604038328e-01
2459199.5 -0.1640684598019228e+00  0.1000567936041882e+01 -0.5659085394881509e-01
2459219.5 -0.4759648079276042e+00  0.9497574818600215e+00 -0.6129179274380823e-01
2459239.5 -0.7413502523649299e+00  0.8041302055927793e+00 -0.5983788549024596e-01
2459259.5 -0.9393557756205883e+00  0.5848812744521108e+00 -0.5286033547098903e-01
2459279.5 -0.1054460858542368e+01  0.3141038166098206e+00 -0.4116366564897630e-01
2459299.5 -0.1074763164214629e+01  0.1559567141228482e-01 -0.2573250556385227e-01
2459319.5 -0.9916653559680895e+00 -0.2834450674574702e+00 -0.7817622506000448e-02
2459339.5 -0.8013498334562652e+00 -0.5501685671840021e+00  0.1091657782170233e-01
2459359.5 -0.5091799370194787e+00 -0.7439430671473084e+00  0.2817485438187651e-01
2459379.5 -0.1387289006941282e+00 -0.8169002199351180e+00  0.4084499303977216e-01
2459399.5  0.2551034275537048e+00 -0.7242038706119176e+00  0.4523539544191180e-01
2459419.5  0.5815719848217753e+00 -0.4531994562522868e+00  0.3852219398968073e-01
2459439.5  0.7463642794397819e+00 -0.5758786273059485e-01  0.2133414306383950e-01
2459459.5  0.7124013837362663e+00  0.3564402966515967e+00 -0.1545869327951513e-02
2459479.5  0.5154588157655796e+00  0.6943130598410683e+00 -0.2422812103427112e-01
2459499.5  0.2224768432594896e+00  0.9099710780703687e+00 -0.4267079144509885e-01
2459519.5 -0.1052878243793613e+00  0.9962695133890929e+00 -0.5504140655530287e-01
2459539.5 -0.4226850204710739e+00  0.9651268285366356e+00 -0.6090548783968420e-01
2459559.5 -0.6983146540561695e+00  0.8354345293139258e+00 -0.6052614157957496e-01
2459579.5 -0.9100228718601345e+00  0.6281500782536990e+00 -0.5449571601266896e-01
2459599.5 -0.1041462933137087e+01  0.3651381947804228e+00 -0.4359252659185373e-01
2459619.5 -0.1080111383980797e+01  0.6976645404801983e-01 -0.2876557730616617e-01
2459639.5 -0.1016684822145220e+01 -0.2315540533468676e+00 -0.1120283502837562e-01
2459659.5 -0.8462360702764889e+00 -0.5072040638019129e+00  0.7527252947780557e-02
2459679.5 -0.5718924643669051e+00 -0.7180961566986297e+00  0.2526627591723778e-01
2459699.5 -0.2129090163057119e+00 -0.8173589841660660e+00  0.3905861471100889e-01
2459719.5  0.1825802409052453e+00 -0.7580168268142328e+00  0.4525902393602176e-01
2459739.5  0.5295199793425776e+00 -0.5184155892751563e+00  0.4069762965033393e-01
2459759.5  0.7296942465263380e+00 -0.1387848623172427e+00  0.2519229099568678e-01
2459779.5  0.7318737878271017e+00  0.2801690905735220e+00  0.2898777985382763e-02
2459799.5  0.5605230847220009e+00  0.6371903726911012e+00 -0.2020429638074788e-01
2459819.5  0.2804082827226474e+00  0.8769867783197043e+00 -0.3963421679470631e-01
2459839.5 -0.4470709282255812e-01  0.9867969401742402e+00 -0.5319979451835247e-01
2459859.5 -0.3666773631575985e+00  0.9761866000242667e+00 -0.6027035107834997e-01
2459879.5 -0.6518989434693832e+00  0.8632851360327439e+00 -0.6101635256454518e-01
2459899.5 -0.8768074599032886e+00  0.6688272250481726e+00 -0.5598503407106725e-01
2459919.5 -0.1024172581633273e+01  0.4144960197665224e+00 -0.4592427828584753e-01
2459939.5 -0.1080849276096940e+01  0.1232791898582223e+00 -0.3174832292114965e-01
2459959.5 -0.1036928176172150e+01 -0.1791358168178724e+00 -0.1459202910690275e-01
2459979.5 -0.8864699019631522e+00 -0.4622910570959649e+00  0.4061310321468196e-02
2459999.5 -0.6306369060127370e+00 -0.6886333043449254e+00  0.2218180660105858e-01
2460019.5 -0.2848081149723516e+00 -0.8125378264305789e+00  0.3697236100681821e-01
2460039.5  0.1093155021836716e+00 -0.7857741483821422e+00  0.4487329718063955e-01
2460059.5  0.4731851750462615e+00 -0.5790940600985643e+00  0.4246406779824607e-01
2460079.5  0.7070399200351178e+00 -0.2192437715889929e+00  0.2880722335778862e-01
2460099.5  0.7465682220260444e+00  0.2009966716192791e+00  0.7326173148912931e-02
2460119.5  0.6033651016659393e+00  0.5754064624246445e+00 -0.1604059461554871e-01
2460139.5  0.3384625545608816e+00  0.8391458234076625e+00 -0.3638976876426379e-01
2460159.5  0.1768156842481329e-01  0.9730238988154236e+00 -0.5113860762948465e-01
2460179.5 -0.3077416009965663e+00  0.9837544530028863e+00 -0.5943117423322735e-01
2460199.5 -0.6018129255728357e+00  0.8885009912646112e+00 -0.6132985178255365e-01
2460219.5 -0.8394128422047893e+00  0.7077240351084112e+00 -0.5733047283257869e-01
2460239.5 -0.1002339861807661e+01  0.4629429471352578e+00 -0.4814923692881917e-01
2460259.5 -0.1076791102474913e+01  0.1768183768195121e+00 -0.3466741306228523e-01
2460279.5 -0.1052250069948762e+01 -0.1256098831559153e+00 -0.1797098464852482e-01
2460299.5 -0.9218852848779323e+00 -0.4149588358031678e+00  0.5351897547737966e-03
2460319.5 -0.6851331290239233e+00 -0.6551619187517776e+00  0.1894140629483342e-01
2460339.5 -0.3539259332611203e+00 -0.8019988286973139e+00  0.3460714943633555e-01
2460359.5  0.3603231133460188e-01 -0.8067138804490122e+00  0.4408630970933351e-01
2460379.5  0.4131616446243883e+00 -0.6338751797528153e+00  0.4378995643935275e-01
2460399.5  0.6783250372793284e+00 -0.2972475218043151e+00  0.3209945138659608e-01
2460419.5  0.7557203475040254e+00  0.1204047846457776e+00  0.1163658921601065e-01
2460439.5  0.6428907212376640e+00  0.5099679198396264e+00 -0.1183252764196665e-01
2460459.5  0.3954345468436432e+00  0.7970189272377064e+00 -0.3301796624570152e-01
2460479.5  0.8063331763435094e-01  0.9551251330985556e+00 -0.4891426314843277e-01
2460499.5 -0.2471101642310408e+00  0.9875990215648169e+00 -0.5841103017891709e-01
2460519.5 -0.5491921569813502e+00  0.9104180236732687e+00 -0.6144816247952176e-01
2460539.5 -0.7987564217896806e+00  0.7437329365440777e+00 -0.5846596890367261e-01
2460559.5 -0.9765137679520322e+00  0.5089532583083899e+00 -0.5015084826187311e-01
2460579.5 -0.1067947934871605e+01  0.2285169055853517e+00 -0.3735696138527886e-01
2460599.5 -0.1061946538289220e+01 -0.7303983912081291e-01 -0.2113096519542830e-01
2460619.5 -0.9508967461940832e+00 -0.3672304480734952e+00 -0.2813120164768756e-02
2460639.5 -0.7327936500873770e+00 -0.6192994938849248e+00  0.1578909106074135e-01
2460659.5 -0.4166846997637668e+00 -0.7864161370267104e+00  0.3217576156897396e-01
2460679.5 -0.3305589827939596e-01 -0.8198625087211685e+00  0.4302567531905124e-01
2460699.5  0.3532856294498303e+00 -0.6795946938453127e+00  0.4466870586785933e-01
2460719.5  0.6455725301008303e+00 -0.3678917332264218e+00  0.3493751577702418e-01
2460739.5  0.7589805543439175e+00  0.4354063941191971e-01  0.1565263371377735e-01
2460759.5  0.6770679837893578e+00  0.4450955999934902e+00 -0.7725029214401809e-02
2460779.5  0.4485722564539673e+00  0.7536298657656152e+00 -0.2960517196893700e-01
2460799.5  0.1413437111156981e+00  0.9351484605022107e+00 -0.4656846614779538e-01
2460819.5 -0.1873081187382858e+00  0.9891500249319657e+00 -0.5723251614332886e-01
2460839.5 -0.4961946882851988e+00  0.9301919778527714e+00 -0.6139999162876326e-01
2460859.5 -0.7567017550789272e+00  0.7780055797795830e+00 -0.5944716863706362e-01
2460879.5 -0.9484365592959435e+00  0.5538440225021378e+00 -0.5202605380389032e-01
2460899.5 -0.1056170524051505e+01  0.2799104208398102e+00 -0.3996152093533802e-01
2460919.5 -0.1068221839471585e+01 -0.1975085166615623e-01 -0.2426061313217170e-01
2460939.5 -0.9762681666375230e+00 -0.3175213061407726e+00 -0.6200585781131395e-02
2460959.5 -0.7770224977702478e+00 -0.5799359722615104e+00  0.1251018611517116e-01
2460979.5 -0.4769517607318567e+00 -0.7656359996214389e+00  0.2951133917410704e-01
2460999.5 -0.1017338633167777e+00 -0.8263852306342794e+00  0.4162112174145617e-01
2461019.5  0.2906072161724812e+00 -0.7186280854312117e+00  0.4514259825269647e-01
2461039.5  0.6071267716273561e+00 -0.4341761783150716e+00  0.3744055468118388e-01
2461059.5  0.7560095877962120e+00 -0.3260011226030047e-01  0.1952292548902828e-01
2461079.5  0.7066459580135580e+00  0.3782780520911682e+00 -0.3579534354706766e-02
2461099.5  0.4992795252668620e+00  0.7072547092152011e+00 -0.2604730665864698e-01
2461119.5  0.2014066567039820e+00  0.9121807458879367e+00 -0.4403444922694075e-01
2461139.5 -0.1268844097089202e+00  0.9881514721522493e+00 -0.5585800612475682e-01
2461159.5 -0.4416914595186580e+00  0.9480072337093379e+00 -0.6116484612779734e-01
2461179.5 -0.7125035026980391e+00  0.8109541982347152e+00 -0.6025823444498103e-01
2461199.5 -0.9177293303068663e+00  0.5980761741637159e+00 -0.5375288859256945e-01
2461219.5 -0.1041377289359940e+01  0.3313737340450245e+00 -0.4244516771844610e-01
2461239.5 -0.1071188904538603e+01  0.3445900027216196e-01 -0.2730567576469171e-01
2461259.5 -0.9981834033776630e+00 -0.2658381654938778e+00 -0.9554218385119134e-02
2461279.5 -0.8179404127572001e+00 -0.5372646395975524e+00  0.9192110027210442e-02
2461299.5 -0.5346551785817485e+00 -0.7399392361947256e+00  0.2670535144549581e-01
2461319.5 -0.1696640139549427e+00 -0.8264393463590194e+00  0.3994972126803466e-01
2461339.5  0.2255915400893690e+00 -0.7507107681474832e+00  0.4525065497678872e-01
2461359.5  0.5631259443118636e+00 -0.4953424206331221e+00  0.3959842080139370e-01
2461379.5  0.7463189496062052e+00 -0.1071976918043859e+00  0.2320989469622687e-01
2461399.5  0.7307403390973660e+00  0.3100026425667241e+00  0.5708491738114491e-03
2461419.5  0.5465838445333989e+00  0.6580407565238152e+00 -0.2236220129416451e-01
2461439.5  0.2598881342077937e+00  0.8861470209741029e+00 -0.4131783118630563e-01
2461459.5 -0.6671001404583599e-01  0.9843876558978037e+00 -0.5428473858550526e-01
2461479.5 -0.3864907409612504e+00  0.9635487971253720e+00 -0.6073393979258905e-01
2461499.5 -0.6669082492767391e+00  0.8421874061638951e+00 -0.6088638598475368e-01
2461519.5 -0.8850743019532652e+00  0.6411971222620688e+00 -0.5531612760323374e-01
2461539.5 -0.1024181162311311e+01  0.3824026599959611e+00 -0.4479072725150530e-01
2461559.5 -0.1071384551615477e+01  0.8903868316662107e-01 -0.3024677334818864e-01
2461579.5 -0.1017090147775070e+01 -0.2127783382465928e+00 -0.1285157613216725e-01
2461599.5 -0.8558770026760981e+00 -0.4919278059978989e+00  0.5861725152254453e-02
2461619.5 -0.5899493762196698e+00 -0.7099900608495004e+00  0.2379006630433132e-01
2461639.5 -0.2367541354294274e+00 -0.8206104675020587e+00  0.3804643793873137e-01
2461659.5  0.1585389961513004e+00 -0.7761250672159432e+00  0.4501853117034751e-01
2461679.5  0.5137475547084375e+00 -0.5512278868756475e+00  0.4141250020367784e-01
2461699.5  0.7296403453792543e+00 -0.1799485312879971e+00  0.2669887330055233e-01
2461719.5  0.7487970777879341e+00  0.2403341444905139e+00  0.4718404852308023e-02
2461739.5  0.5899419769830240e+00  0.6058028595016782e+00 -0.1854422852939453e-01
2461759.5  0.3163623059974603e+00  0.8567599670436852e+00 -0.3840584504945547e-01
2461779.5 -0.7112716364372874e-02  0.9775772118349948e+00 -0.5249921706145080e-01
2461799.5 -0.3308718650606317e+00  0.9765902849926015e+00 -0.6009643693560468e-01
2461819.5 -0.6201931606638328e+00  0.8715472168000375e+00 -0.6132437684459419e-01
2461839.5 -0.8507868447640686e+00  0.6831115866772972e+00 -0.5671214713028835e-01
2461859.5 -0.1004971546660715e+01  0.4329461229541373e+00 -0.4699825654543677e-01
2461879.5 -0.1069302326419988e+01  0.1439480693376389e+00 -0.3308714096970457e-01
2461899.5 -0.1033605612003288e+01 -0.1584235275522638e+00 -0.1609751669411257e-01
2461919.5 -0.8915688376767325e+00 -0.4441219313189467e+00  0.2515514153686462e-02
2461939.5 -0.6436372734642438e+00 -0.6761814149739701e+00  0.2076782995878701e-01
2461959.5 -0.3037521530498153e+00 -0.8095282884396894e+00  0.3592355573964116e-01
2461979.5  0.8888408904647023e-01 -0.7956516739975718e+00  0.4446631925018535e-01
2461999.5  0.4585591984917989e+00 -0.6026197597888687e+00  0.4290197099044955e-01
2462019.5  0.7055538936294827e+00 -0.2517441002377972e+00  0.3001138152452562e-01
2462039.5  0.7606017146627607e+00  0.1681312501361756e+00  0.8900510767273854e-02
2462059.5  0.6295765063621053e+00  0.5493298815175582e+00 -0.1454288569915505e-01
2462079.5  0.3714579914481013e+00  0.8230067205379015e+00 -0.3524909138169167e-01
2462099.5  0.5277213467770933e-01  0.9670424893142653e+00 -0.5046492436049946e-01
2462119.5 -0.2739068224932616e+00  0.9868044883065157e+00 -0.5923445528140831e-01
2462139.5 -0.5714982936358078e+00  0.8990046665508121e+00 -0.6157356685048949e-01
2462159.5 -0.8141592512198415e+00  0.7240035894526711e+00 -0.5795844170255531e-01
2462179.5 -0.9832317043425753e+00  0.4833014718961991e+00 -0.4909574285672484e-01
2462199.5 -0.1064609503299283e+01  0.1994973486000771e+00 -0.3585787580935448e-01
2462219.5 -0.1047517054893331e+01 -0.1025345392084315e+00 -0.1931523201824735e-01
2462239.5 -0.9246768454697483e+00 -0.3936299644240047e+00 -0.8055027291325241e-03  
