
   t          f(t)        Pn(t)       Er(t)
---------------------------------------------
0.000000     2.718282    2.718282   0.000000
0.006283     2.735361    2.758611   -0.008500
0.012566     2.752438    2.798354   -0.016682
0.018850     2.769511    2.837517   -0.024555
0.025133     2.786578    2.876103   -0.032127
0.031416     2.803636    2.914116   -0.039406
0.037699     2.820685    2.951560   -0.046398
0.043982     2.837720    2.988439   -0.053113
0.050265     2.854741    3.024757   -0.059556
0.056549     2.871746    3.060519   -0.065735
0.062832     2.888731    3.095728   -0.071657
0.069115     2.905695    3.130388   -0.077328
0.075398     2.922635    3.164503   -0.082757
0.081681     2.939550    3.198076   -0.087948
0.087965     2.956437    3.231113   -0.092908
0.094248     2.973294    3.263616   -0.097643
0.100531     2.990118    3.295590   -0.102161
0.106814     3.006907    3.327038   -0.106465
0.113097     3.023659    3.357965   -0.110563
0.119381     3.040372    3.388374   -0.114460
0.125664     3.057042    3.418268   -0.118162
0.131947     3.073669    3.447653   -0.121673
0.138230     3.090249    3.476530   -0.125000
0.144513     3.106780    3.504905   -0.128147
0.150796     3.123260    3.532781   -0.131120
0.157080     3.139686    3.560162   -0.133923
0.163363     3.156056    3.587051   -0.136561
0.169646     3.172367    3.613452   -0.139040
0.175929     3.188617    3.639369   -0.141363
0.182212     3.204804    3.664805   -0.143535
0.188496     3.220925    3.689765   -0.145561
0.194779     3.236977    3.714251   -0.147444
0.201062     3.252959    3.738267   -0.149190
0.207345     3.268867    3.761818   -0.150802
0.213628     3.284700    3.784906   -0.152284
0.219911     3.300454    3.807535   -0.153640
0.226195     3.316127    3.829709   -0.154874
0.232478     3.331718    3.851431   -0.155990
0.238761     3.347222    3.872705   -0.156991
0.245044     3.362638    3.893534   -0.157881
0.251327     3.377964    3.913922   -0.158663
0.257611     3.393196    3.933872   -0.159341
0.263894     3.408332    3.953388   -0.159918
0.270177     3.423371    3.972473   -0.160398
0.276460     3.438308    3.991130   -0.160783
0.282743     3.453143    4.009364   -0.161077
0.289027     3.467872    4.027177   -0.161282
0.295310     3.482492    4.044573   -0.161402
0.301593     3.497002    4.061555   -0.161439
0.307876     3.511399    4.078127   -0.161396
0.314159     3.525681    4.094291   -0.161277
0.320442     3.539844    4.110052   -0.161083
0.326726     3.553887    4.125413   -0.160817
0.333009     3.567807    4.140376   -0.160482
0.339292     3.581602    4.154945   -0.160080
0.345575     3.595269    4.169124   -0.159614
0.351858     3.608805    4.182916   -0.159086
0.358142     3.622210    4.196324   -0.158498
0.364425     3.635479    4.209350   -0.157853
0.370708     3.648611    4.222000   -0.157153
0.376991     3.661603    4.234275   -0.156399
0.383274     3.674453    4.246178   -0.155595
0.389557     3.687159    4.257714   -0.154741
0.395841     3.699718    4.268885   -0.153840
0.402124     3.712129    4.279694   -0.152895
0.408407     3.724388    4.290144   -0.151906
0.414690     3.736494    4.300239   -0.150876
0.420973     3.748443    4.309981   -0.149806
0.427257     3.760235    4.319375   -0.148698
0.433540     3.771867    4.328422   -0.147554
0.439823     3.783337    4.337126   -0.146376
0.446106     3.794642    4.345489   -0.145165
0.452389     3.805780    4.353516   -0.143922
0.458673     3.816750    4.361209   -0.142650
0.464956     3.827549    4.368570   -0.141349
0.471239     3.838175    4.375604   -0.140022
0.477522     3.848626    4.382312   -0.138669
0.483805     3.858901    4.388699   -0.137292
0.490088     3.868996    4.394766   -0.135893
0.496372     3.878911    4.400517   -0.134472
0.502655     3.888643    4.405954   -0.133031
0.508938     3.898191    4.411081   -0.131571
0.515221     3.907552    4.415901   -0.130094
0.521504     3.916725    4.420415   -0.128600
0.527788     3.925708    4.424628   -0.127091
0.534071     3.934499    4.428543   -0.125567
0.540354     3.943096    4.432161   -0.124031
0.546637     3.951498    4.435485   -0.122482
0.552920     3.959703    4.438519   -0.120922
0.559203     3.967710    4.441266   -0.119352
0.565487     3.975517    4.443728   -0.117774
0.571770     3.983122    4.445907   -0.116187
0.578053     3.990523    4.447807   -0.114592
0.584336     3.997720    4.449430   -0.112992
0.590619     4.004711    4.450780   -0.111386
0.596903     4.011495    4.451858   -0.109775
0.603186     4.018069    4.452668   -0.108161
0.609469     4.024434    4.453212   -0.106544
0.615752     4.030587    4.453493   -0.104924
0.622035     4.036527    4.453513   -0.103303
0.628319     4.042253    4.453276   -0.101682
0.634602     4.047764    4.452783   -0.100060
0.640885     4.053059    4.452038   -0.098439
0.647168     4.058137    4.451042   -0.096819
0.653451     4.062996    4.449800   -0.095202
0.659734     4.067636    4.448312   -0.093587
0.666018     4.072056    4.446582   -0.091975
0.672301     4.076255    4.444613   -0.090367
0.678584     4.080231    4.442407   -0.088763
0.684867     4.083985    4.439965   -0.087165
0.691150     4.087515    4.437292   -0.085572
0.697434     4.090821    4.434389   -0.083985
0.703717     4.093902    4.431259   -0.082405
0.710000     4.096757    4.427905   -0.080832
0.716283     4.099386    4.424328   -0.079266
0.722566     4.101788    4.420531   -0.077708
0.728849     4.103963    4.416518   -0.076159
0.735133     4.105910    4.412289   -0.074619
0.741416     4.107629    4.407848   -0.073088
0.747699     4.109119    4.403197   -0.071567
0.753982     4.110381    4.398338   -0.070056
0.760265     4.111414    4.393274   -0.068556
0.766549     4.112217    4.388007   -0.067066
0.772832     4.112791    4.382540   -0.065588
0.779115     4.113136    4.376874   -0.064121
0.785398     4.113250    4.371012   -0.062666
0.791681     4.113136    4.364957   -0.061224
0.797965     4.112791    4.358710   -0.059794
0.804248     4.112217    4.352275   -0.058377
0.810531     4.111414    4.345652   -0.056973
0.816814     4.110381    4.338845   -0.055582
0.823097     4.109119    4.331856   -0.054205
0.829380     4.107629    4.324687   -0.052843
0.835664     4.105910    4.317340   -0.051494
0.841947     4.103963    4.309818   -0.050160
0.848230     4.101788    4.302122   -0.048841
0.854513     4.099386    4.294255   -0.047536
0.860796     4.096757    4.286219   -0.046247
0.867080     4.093902    4.278016   -0.044973
0.873363     4.090821    4.269648   -0.043714
0.879646     4.087515    4.261118   -0.042472
0.885929     4.083985    4.252428   -0.041245
0.892212     4.080231    4.243579   -0.040034
0.898495     4.076255    4.234574   -0.038839
0.904779     4.072056    4.225414   -0.037661
0.911062     4.067636    4.216103   -0.036500
0.917345     4.062996    4.206642   -0.035355
0.923628     4.058137    4.197033   -0.034226
0.929911     4.053059    4.187278   -0.033115
0.936195     4.047764    4.177379   -0.032021
0.942478     4.042253    4.167338   -0.030944
0.948761     4.036527    4.157157   -0.029885
0.955044     4.030587    4.146839   -0.028842
0.961327     4.024434    4.136385   -0.027818
0.967611     4.018069    4.125796   -0.026811
0.973894     4.011495    4.115076   -0.025821
0.980177     4.004711    4.104226   -0.024849
0.986460     3.997720    4.093248   -0.023896
0.992743     3.990523    4.082144   -0.022959
0.999026     3.983122    4.070915   -0.022041
1.005310     3.975517    4.059565   -0.021141
1.011593     3.967710    4.048093   -0.020259
1.017876     3.959703    4.036504   -0.019395
1.024159     3.951498    4.024797   -0.018550
1.030442     3.943096    4.012976   -0.017722
1.036726     3.934499    4.001042   -0.016913
1.043009     3.925708    3.988997   -0.016122
1.049292     3.916725    3.976842   -0.015349
1.055575     3.907552    3.964580   -0.014594
1.061858     3.898191    3.952212   -0.013858
1.068142     3.888643    3.939740   -0.013140
1.074425     3.878911    3.927167   -0.012440
1.080708     3.868996    3.914492   -0.011759
1.086991     3.858901    3.901719   -0.011096
1.093274     3.848626    3.888850   -0.010451
1.099557     3.838175    3.875885   -0.009825
1.105841     3.827549    3.862826   -0.009217
1.112124     3.816750    3.849676   -0.008627
1.118407     3.805780    3.836436   -0.008055
1.124690     3.794642    3.823108   -0.007502
1.130973     3.783337    3.809693   -0.006966
1.137257     3.771867    3.796193   -0.006449
1.143540     3.760235    3.782610   -0.005950
1.149823     3.748443    3.768944   -0.005469
1.156106     3.736494    3.755199   -0.005006
1.162389     3.724388    3.741376   -0.004561
1.168672     3.712129    3.727475   -0.004134
1.174956     3.699718    3.713500   -0.003725
1.181239     3.687159    3.699451   -0.003334
1.187522     3.674453    3.685329   -0.002960
1.193805     3.661603    3.671138   -0.002604
1.200088     3.648611    3.656877   -0.002266
1.206372     3.635479    3.642549   -0.001945
1.212655     3.622210    3.628155   -0.001641
1.218938     3.608805    3.613697   -0.001355
1.225221     3.595269    3.599176   -0.001087
1.231504     3.581602    3.584593   -0.000835
1.237788     3.567807    3.569951   -0.000601
1.244071     3.553887    3.555251   -0.000384
1.250354     3.539844    3.540493   -0.000183
1.256637     3.525681    3.525681   0.000000
1.262920     3.511399    3.510814   0.000167
1.269203     3.497002    3.495895   0.000317
1.275487     3.482492    3.480925   0.000450
1.281770     3.467872    3.465905   0.000567
1.288053     3.453143    3.450837   0.000668
1.294336     3.438308    3.435722   0.000752
1.300619     3.423371    3.420562   0.000820
1.306903     3.408332    3.405358   0.000873
1.313186     3.393196    3.390111   0.000909
1.319469     3.377964    3.374823   0.000930
1.325752     3.362638    3.359494   0.000935
1.332035     3.347222    3.344128   0.000924
1.338318     3.331718    3.328724   0.000899
1.344602     3.316127    3.313284   0.000858
1.350885     3.300454    3.297809   0.000801
1.357168     3.284700    3.282301   0.000730
1.363451     3.268867    3.266761   0.000644
1.369734     3.252959    3.251190   0.000544
1.376018     3.236977    3.235589   0.000429
1.382301     3.220925    3.219961   0.000299
1.388584     3.204804    3.204305   0.000156
1.394867     3.188617    3.188624   -0.000002
1.401150     3.172367    3.172918   -0.000174
1.407434     3.156056    3.157189   -0.000359
1.413717     3.139686    3.141438   -0.000558
1.420000     3.123260    3.125666   -0.000770
1.426283     3.106780    3.109874   -0.000996
1.432566     3.090249    3.094064   -0.001234
1.438849     3.073669    3.078236   -0.001486
1.445133     3.057042    3.062392   -0.001750
1.451416     3.040372    3.046534   -0.002027
1.457699     3.023659    3.030661   -0.002316
1.463982     3.006907    3.014776   -0.002617
1.470265     2.990118    2.998879   -0.002930
1.476549     2.973294    2.982972   -0.003255
1.482832     2.956437    2.967055   -0.003592
1.489115     2.939550    2.951130   -0.003939
1.495398     2.922635    2.935198   -0.004299
1.501681     2.905695    2.919260   -0.004669
1.507964     2.888731    2.903317   -0.005049
1.514248     2.871746    2.887370   -0.005441
1.520531     2.854741    2.871420   -0.005842
1.526814     2.837720    2.855468   -0.006254
1.533097     2.820685    2.839516   -0.006676
1.539380     2.803636    2.823564   -0.007108
1.545664     2.786578    2.807613   -0.007549
1.551947     2.769511    2.791664   -0.007999
1.558230     2.752438    2.775718   -0.008458
1.564513     2.735361    2.759777   -0.008926
1.570796     2.718282    2.743841   -0.009403
1.577080     2.701203    2.727911   -0.009888
1.583363     2.684126    2.711988   -0.010381
1.589646     2.667052    2.696074   -0.010881
1.595929     2.649985    2.680169   -0.011390
1.602212     2.632926    2.664273   -0.011906
1.608495     2.615877    2.648389   -0.012429
1.614779     2.598839    2.632516   -0.012958
1.621062     2.581815    2.616656   -0.013495
1.627345     2.564806    2.600810   -0.014038
1.633628     2.547815    2.584978   -0.014586
1.639911     2.530843    2.569162   -0.015141
1.646195     2.513892    2.553363   -0.015701
1.652478     2.496963    2.537580   -0.016266
1.658761     2.480059    2.521816   -0.016837
1.665044     2.463181    2.506070   -0.017412
1.671327     2.446331    2.490344   -0.017992
1.677610     2.429510    2.474639   -0.018575
1.683894     2.412720    2.458955   -0.019163
1.690177     2.395963    2.443294   -0.019754
1.696460     2.379241    2.427656   -0.020349
1.702743     2.362554    2.412041   -0.020946
1.709026     2.345905    2.396451   -0.021547
1.715310     2.329294    2.380887   -0.022149
1.721593     2.312724    2.365349   -0.022754
1.727876     2.296196    2.349838   -0.023361
1.734159     2.279711    2.334354   -0.023969
1.740442     2.263271    2.318899   -0.024579
1.746726     2.246877    2.303474   -0.025189
1.753009     2.230530    2.288078   -0.025800
1.759292     2.214233    2.272713   -0.026411
1.765575     2.197985    2.257380   -0.027022
1.771858     2.181789    2.242079   -0.027633
1.778141     2.165645    2.226810   -0.028243
1.784425     2.149555    2.211575   -0.028853
1.790708     2.133521    2.196375   -0.029460
1.796991     2.117542    2.181209   -0.030067
1.803274     2.101621    2.166079   -0.030671
1.809557     2.085759    2.150986   -0.031273
1.815841     2.069956    2.135929   -0.031872
1.822124     2.054214    2.120910   -0.032468
1.828407     2.038534    2.105929   -0.033061
1.834690     2.022916    2.090987   -0.033650
1.840973     2.007363    2.076085   -0.034235
1.847256     1.991874    2.061222   -0.034816
1.853540     1.976451    2.046401   -0.035392
1.859823     1.961094    2.031620   -0.035963
1.866106     1.945805    2.016882   -0.036528
1.872389     1.930585    2.002186   -0.037088
1.878672     1.915434    1.987533   -0.037641
1.884956     1.900353    1.972924   -0.038189
1.891239     1.885343    1.958360   -0.038729
1.897522     1.870404    1.943840   -0.039262
1.903805     1.855539    1.929365   -0.039787
1.910088     1.840746    1.914937   -0.040305
1.916372     1.826028    1.900555   -0.040814
1.922655     1.811384    1.886219   -0.041314
1.928938     1.796815    1.871932   -0.041806
1.935221     1.782322    1.857692   -0.042288
1.941504     1.767906    1.843501   -0.042760
1.947787     1.753567    1.829359   -0.043222
1.954071     1.739306    1.815267   -0.043673
1.960354     1.725123    1.801224   -0.044114
1.966637     1.711018    1.787233   -0.044543
1.972920     1.696994    1.773292   -0.044961
1.979203     1.683049    1.759402   -0.045366
1.985487     1.669184    1.745565   -0.045760
1.991770     1.655400    1.731780   -0.046140
1.998053     1.641697    1.718048   -0.046507
2.004336     1.628076    1.704369   -0.046861
2.010619     1.614536    1.690743   -0.047201
2.016902     1.601079    1.677172   -0.047526
2.023186     1.587705    1.663656   -0.047837
2.029469     1.574413    1.650194   -0.048133
2.035752     1.561205    1.636788   -0.048413
2.042035     1.548081    1.623437   -0.048677
2.048318     1.535040    1.610143   -0.048926
2.054602     1.522084    1.596905   -0.049157
2.060885     1.509211    1.583724   -0.049372
2.067168     1.496424    1.570601   -0.049570
2.073451     1.483721    1.557535   -0.049749
2.079734     1.471103    1.544527   -0.049911
2.086018     1.458570    1.531578   -0.050054
2.092301     1.446122    1.518687   -0.050179
2.098584     1.433760    1.505856   -0.050284
2.104867     1.421483    1.493083   -0.050370
2.111150     1.409292    1.480371   -0.050436
2.117433     1.397186    1.467719   -0.050482
2.123717     1.385166    1.455127   -0.050507
2.130000     1.373232    1.442595   -0.050511
2.136283     1.361383    1.430125   -0.050494
2.142566     1.349620    1.417716   -0.050455
2.148849     1.337943    1.405369   -0.050395
2.155133     1.326352    1.393083   -0.050311
2.161416     1.314847    1.380860   -0.050206
2.167699     1.303427    1.368699   -0.050077
2.173982     1.292093    1.356600   -0.049924
2.180265     1.280845    1.344565   -0.049748
2.186548     1.269682    1.332593   -0.049548
2.192832     1.258605    1.320684   -0.049324
2.199115     1.247613    1.308839   -0.049075
2.205398     1.236706    1.297058   -0.048801
2.211681     1.225884    1.285341   -0.048502
2.217964     1.215147    1.273689   -0.048177
2.224248     1.204495    1.262101   -0.047826
2.230531     1.193927    1.250578   -0.047449
2.236814     1.183444    1.239120   -0.047046
2.243097     1.173045    1.227727   -0.046615
2.249380     1.162730    1.216400   -0.046158
2.255664     1.152499    1.205138   -0.045674
2.261947     1.142352    1.193942   -0.045161
2.268230     1.132288    1.182812   -0.044621
2.274513     1.122307    1.171748   -0.044053
2.280796     1.112409    1.160751   -0.043457
2.287079     1.102594    1.149820   -0.042832
2.293363     1.092861    1.138956   -0.042178
2.299646     1.083210    1.128158   -0.041495
2.305929     1.073642    1.117428   -0.040783
2.312212     1.064154    1.106764   -0.040041
2.318495     1.054748    1.096168   -0.039270
2.324779     1.045423    1.085639   -0.038469
2.331062     1.036178    1.075178   -0.037638
2.337345     1.027014    1.064784   -0.036776
2.343628     1.017930    1.054458   -0.035885
2.349911     1.008925    1.044200   -0.034962
2.356194     1.000000    1.034009   -0.034009
2.362478     0.991154    1.023887   -0.033026
2.368761     0.982386    1.013833   -0.032011
2.375044     0.973696    1.003847   -0.030965
2.381327     0.965085    0.993929   -0.029888
2.387610     0.956551    0.984080   -0.028780
2.393894     0.948094    0.974299   -0.027640
2.400177     0.939713    0.964587   -0.026469
2.406460     0.931410    0.954943   -0.025267
2.412743     0.923182    0.945368   -0.024033
2.419026     0.915029    0.935862   -0.022767
2.425310     0.906952    0.926424   -0.021470
2.431593     0.898950    0.917055   -0.020141
2.437876     0.891022    0.907755   -0.018780
2.444159     0.883168    0.898524   -0.017388
2.450442     0.875387    0.889362   -0.015964
2.456725     0.867679    0.880268   -0.014509
2.463009     0.860045    0.871244   -0.013022
2.469292     0.852482    0.862288   -0.011503
2.475575     0.844991    0.853402   -0.009953
2.481858     0.837572    0.844584   -0.008372
2.488141     0.830224    0.835836   -0.006760
2.494425     0.822946    0.827156   -0.005116
2.500708     0.815738    0.818545   -0.003441
2.506991     0.808600    0.810004   -0.001736
2.513274     0.801531    0.801531   0.000000
2.519557     0.794531    0.793127   0.001767
2.525840     0.787599    0.784792   0.003564
2.532124     0.780735    0.776526   0.005391
2.538407     0.773938    0.768329   0.007248
2.544690     0.767208    0.760200   0.009134
2.550973     0.760545    0.752140   0.011050
2.557256     0.753947    0.744149   0.012996
2.563540     0.747416    0.736227   0.014970
2.569823     0.740949    0.728373   0.016973
2.576106     0.734547    0.720588   0.019004
2.582389     0.728209    0.712871   0.021063
2.588672     0.721935    0.705223   0.023150
2.594956     0.715724    0.697643   0.025264
2.601239     0.709576    0.690131   0.027404
2.607522     0.703491    0.682687   0.029572
2.613805     0.697467    0.675312   0.031765
2.620088     0.691505    0.668004   0.033984
2.626371     0.685603    0.660765   0.036229
2.632655     0.679762    0.653593   0.038498
2.638938     0.673981    0.646489   0.040791
2.645221     0.668260    0.639452   0.043108
2.651504     0.662598    0.632483   0.045449
2.657787     0.656994    0.625582   0.047812
2.664071     0.651449    0.618748   0.050198
2.670354     0.645961    0.611980   0.052605
2.676637     0.640531    0.605280   0.055033
2.682920     0.635157    0.598647   0.057482
2.689203     0.629840    0.592081   0.059950
2.695486     0.624579    0.585581   0.062438
2.701770     0.619373    0.579148   0.064944
2.708053     0.614222    0.572781   0.067468
2.714336     0.609126    0.566481   0.070010
2.720619     0.604084    0.560247   0.072568
2.726902     0.599095    0.554078   0.075142
2.733186     0.594160    0.547975   0.077731
2.739469     0.589277    0.541938   0.080334
2.745752     0.584447    0.535967   0.082951
2.752035     0.579669    0.530061   0.085580
2.758318     0.574942    0.524220   0.088222
2.764602     0.570266    0.518443   0.090875
2.770885     0.565641    0.512732   0.093538
2.777168     0.561066    0.507085   0.096211
2.783451     0.556540    0.501503   0.098892
2.789734     0.552064    0.495985   0.101581
2.796017     0.547637    0.490531   0.104277
2.802301     0.543258    0.485141   0.106978
2.808584     0.538927    0.479815   0.109685
2.814867     0.534644    0.474552   0.112396
2.821150     0.530408    0.469352   0.115110
2.827433     0.526218    0.464216   0.117826
2.833717     0.522075    0.459142   0.120543
2.840000     0.517978    0.454132   0.123260
2.846283     0.513926    0.449183   0.125977
2.852566     0.509919    0.444297   0.128692
2.858849     0.505958    0.439473   0.131403
2.865133     0.502040    0.434711   0.134111
2.871416     0.498166    0.430010   0.136814
2.877699     0.494336    0.425371   0.139510
2.883982     0.490549    0.420793   0.142200
2.890265     0.486804    0.416276   0.144881
2.896548     0.483102    0.411819   0.147552
2.902832     0.479442    0.407423   0.150213
2.909115     0.475823    0.403087   0.152863
2.915398     0.472246    0.398812   0.155499
2.921681     0.468709    0.394596   0.158122
2.927964     0.465212    0.390439   0.160730
2.934248     0.461756    0.386342   0.163321
2.940531     0.458340    0.382303   0.165895
2.946814     0.454962    0.378324   0.168450
2.953097     0.451624    0.374403   0.170985
2.959380     0.448324    0.370540   0.173499
2.965663     0.445062    0.366735   0.175991
2.971947     0.441838    0.362988   0.178460
2.978230     0.438652    0.359298   0.180904
2.984513     0.435503    0.355666   0.183322
2.990796     0.432391    0.352090   0.185713
2.997079     0.429315    0.348571   0.188075
3.003363     0.426275    0.345109   0.190408
3.009646     0.423271    0.341702   0.192710
3.015929     0.420302    0.338352   0.194980
3.022212     0.417369    0.335056   0.197217
3.028495     0.414470    0.331817   0.199419
3.034779     0.411606    0.328632   0.201586
3.041062     0.408775    0.325501   0.203716
3.047345     0.405979    0.322426   0.205807
3.053628     0.403216    0.319404   0.207859
3.059911     0.400486    0.316436   0.209870
3.066194     0.397790    0.313522   0.211840
3.072478     0.395125    0.310661   0.213766
3.078761     0.392493    0.307853   0.215648
3.085044     0.389893    0.305097   0.217485
3.091327     0.387324    0.302394   0.219275
3.097610     0.384787    0.299743   0.221016
3.103894     0.382281    0.297144   0.222709
3.110177     0.379806    0.294596   0.224351
3.116460     0.377361    0.292099   0.225942
3.122743     0.374946    0.289653   0.227481
3.129026     0.372561    0.287257   0.228965
3.135309     0.370205    0.284912   0.230395
3.141593     0.367879    0.282617   0.231768
3.147876     0.365582    0.280371   0.233084
3.154159     0.363314    0.278174   0.234342
3.160442     0.361075    0.276027   0.235541
3.166725     0.358863    0.273928   0.236679
3.173009     0.356680    0.271877   0.237756
3.179292     0.354524    0.269874   0.238770
3.185575     0.352396    0.267919   0.239720
3.191858     0.350294    0.266011   0.240606
3.198141     0.348220    0.264151   0.241426
3.204425     0.346173    0.262337   0.242180
3.210708     0.344152    0.260569   0.242866
3.216991     0.342157    0.258847   0.243483
3.223274     0.340188    0.257171   0.244032
3.229557     0.338245    0.255541   0.244510
3.235840     0.336327    0.253955   0.244916
3.242124     0.334435    0.252414   0.245251
3.248407     0.332568    0.250918   0.245513
3.254690     0.330725    0.249466   0.245701
3.260973     0.328907    0.248057   0.245815
3.267256     0.327114    0.246691   0.245854
3.273540     0.325344    0.245369   0.245817
3.279823     0.323599    0.244089   0.245703
3.286106     0.321877    0.242852   0.245512
3.292389     0.320178    0.241657   0.245243
3.298672     0.318503    0.240503   0.244896
3.304955     0.316851    0.239391   0.244469
3.311239     0.315222    0.238319   0.243963
3.317522     0.313616    0.237289   0.243377
3.323805     0.312032    0.236298   0.242710
3.330088     0.310470    0.235348   0.241962
3.336371     0.308930    0.234437   0.241133
3.342655     0.307412    0.233565   0.240221
3.348938     0.305916    0.232733   0.239228
3.355221     0.304442    0.231939   0.238151
3.361504     0.302989    0.231183   0.236992
3.367787     0.301557    0.230465   0.235749
3.374071     0.300145    0.229784   0.234423
3.380354     0.298755    0.229141   0.233014
3.386637     0.297386    0.228535   0.231521
3.392920     0.296036    0.227965   0.229944
3.399203     0.294707    0.227431   0.228283
3.405486     0.293399    0.226933   0.226537
3.411770     0.292110    0.226470   0.224708
3.418053     0.290841    0.226043   0.222795
3.424336     0.289591    0.225650   0.220798
3.430619     0.288361    0.225292   0.218718
3.436902     0.287151    0.224967   0.216553
3.443186     0.285959    0.224677   0.214305
3.449469     0.284787    0.224419   0.211974
3.455752     0.283633    0.224195   0.209560
3.462035     0.282498    0.224003   0.207063
3.468318     0.281382    0.223844   0.204484
3.474601     0.280284    0.223716   0.201823
3.480885     0.279205    0.223621   0.199080
3.487168     0.278143    0.223556   0.196256
3.493451     0.277100    0.223522   0.193352
3.499734     0.276075    0.223519   0.190367
3.506017     0.275067    0.223546   0.187303
3.512301     0.274077    0.223603   0.184160
3.518584     0.273104    0.223689   0.180939
3.524867     0.272149    0.223805   0.177640
3.531150     0.271212    0.223949   0.174265
3.537433     0.270291    0.224122   0.170813
3.543717     0.269387    0.224322   0.167286
3.550000     0.268500    0.224551   0.163685
3.556283     0.267631    0.224807   0.160010
3.562566     0.266777    0.225090   0.156263
3.568849     0.265941    0.225400   0.152444
3.575132     0.265121    0.225736   0.148555
3.581416     0.264317    0.226098   0.144595
3.587699     0.263529    0.226486   0.140568
3.593982     0.262758    0.226899   0.136473
3.600265     0.262003    0.227337   0.132311
3.606548     0.261264    0.227800   0.128085
3.612832     0.260540    0.228287   0.123794
3.619115     0.259833    0.228798   0.119442
3.625398     0.259141    0.229333   0.115027
3.631681     0.258465    0.229891   0.110553
3.637964     0.257804    0.230472   0.106020
3.644247     0.257159    0.231075   0.101430
3.650531     0.256529    0.231701   0.096784
3.656814     0.255915    0.232349   0.092084
3.663097     0.255315    0.233019   0.087330
3.669380     0.254731    0.233709   0.082526
3.675663     0.254162    0.234421   0.077671
3.681947     0.253608    0.235153   0.072768
3.688230     0.253069    0.235906   0.067819
3.694513     0.252544    0.236678   0.062824
3.700796     0.252035    0.237470   0.057786
3.707079     0.251540    0.238282   0.052706
3.713363     0.251059    0.239112   0.047587
3.719646     0.250594    0.239961   0.042429
3.725929     0.250143    0.240829   0.037234
3.732212     0.249706    0.241714   0.032005
3.738495     0.249284    0.242617   0.026742
3.744778     0.248876    0.243538   0.021449
3.751062     0.248482    0.244475   0.016126
3.757345     0.248103    0.245429   0.010775
3.763628     0.247738    0.246400   0.005400
3.769911     0.247387    0.247387   0.000000
3.776194     0.247050    0.248389   -0.005421
3.782478     0.246727    0.249407   -0.010863
3.788761     0.246418    0.250440   -0.016322
3.795044     0.246124    0.251489   -0.021797
3.801327     0.245843    0.252551   -0.027286
3.807610     0.245576    0.253628   -0.032787
3.813893     0.245323    0.254719   -0.038298
3.820177     0.245084    0.255823   -0.043818
3.826460     0.244859    0.256941   -0.049343
3.832743     0.244647    0.258072   -0.054872
3.839026     0.244450    0.259215   -0.060404
3.845309     0.244266    0.260371   -0.065935
3.851593     0.244096    0.261540   -0.071464
3.857876     0.243939    0.262720   -0.076989
3.864159     0.243796    0.263911   -0.082509
3.870442     0.243667    0.265114   -0.088019
3.876725     0.243551    0.266328   -0.093520
3.883009     0.243449    0.267553   -0.099009
3.889292     0.243361    0.268788   -0.104483
3.895575     0.243286    0.270034   -0.109941
3.901858     0.243225    0.271289   -0.115381
3.908141     0.243178    0.272554   -0.120800
3.914424     0.243144    0.273828   -0.126197
3.920708     0.243124    0.275111   -0.131570
3.926991     0.243117    0.276403   -0.136917
3.933274     0.243124    0.277704   -0.142235
3.939557     0.243144    0.279013   -0.147523
3.945840     0.243178    0.280330   -0.152778
3.952124     0.243225    0.281655   -0.158000
3.958407     0.243286    0.282987   -0.163185
3.964690     0.243361    0.284327   -0.168332
3.970973     0.243449    0.285673   -0.173439
3.977256     0.243551    0.287026   -0.178505
3.983539     0.243667    0.288386   -0.183526
3.989823     0.243796    0.289752   -0.188502
3.996106     0.243939    0.291124   -0.193431
4.002389     0.244096    0.292502   -0.198310
4.008672     0.244266    0.293886   -0.203139
4.014955     0.244450    0.295274   -0.207914
4.021239     0.244647    0.296668   -0.212635
4.027522     0.244859    0.298067   -0.217300
4.033805     0.245084    0.299470   -0.221907
4.040088     0.245323    0.300878   -0.226454
4.046371     0.245576    0.302290   -0.230940
4.052655     0.245843    0.303705   -0.235363
4.058938     0.246124    0.305125   -0.239721
4.065221     0.246418    0.306548   -0.244014
4.071504     0.246727    0.307974   -0.248239
4.077787     0.247050    0.309404   -0.252394
4.084070     0.247387    0.310836   -0.256479
4.090354     0.247738    0.312272   -0.260493
4.096637     0.248103    0.313709   -0.264432
4.102920     0.248482    0.315149   -0.268297
4.109203     0.248876    0.316591   -0.272086
4.115486     0.249284    0.318035   -0.275798
4.121770     0.249706    0.319481   -0.279431
4.128053     0.250143    0.320929   -0.282983
4.134336     0.250594    0.322378   -0.286455
4.140619     0.251059    0.323828   -0.289845
4.146902     0.251540    0.325279   -0.293151
4.153185     0.252035    0.326731   -0.296373
4.159469     0.252544    0.328183   -0.299509
4.165752     0.253069    0.329637   -0.302558
4.172035     0.253608    0.331090   -0.305520
4.178318     0.254162    0.332544   -0.308394
4.184601     0.254731    0.333998   -0.311178
4.190885     0.255315    0.335452   -0.313873
4.197168     0.255915    0.336906   -0.316476
4.203451     0.256529    0.338359   -0.318987
4.209734     0.257159    0.339812   -0.321406
4.216017     0.257804    0.341264   -0.323732
4.222301     0.258465    0.342715   -0.325964
4.228584     0.259141    0.344166   -0.328102
4.234867     0.259833    0.345615   -0.330144
4.241150     0.260540    0.347064   -0.332091
4.247433     0.261264    0.348511   -0.333942
4.253716     0.262003    0.349957   -0.335697
4.260000     0.262758    0.351401   -0.337354
4.266283     0.263529    0.352844   -0.338915
4.272566     0.264317    0.354285   -0.340378
4.278849     0.265121    0.355724   -0.341743
4.285132     0.265941    0.357161   -0.343010
4.291416     0.266777    0.358597   -0.344179
4.297699     0.267631    0.360030   -0.345250
4.303982     0.268500    0.361461   -0.346222
4.310265     0.269387    0.362890   -0.347096
4.316548     0.270291    0.364317   -0.347871
4.322831     0.271212    0.365741   -0.348547
4.329115     0.272149    0.367163   -0.349125
4.335398     0.273104    0.368583   -0.349604
4.341681     0.274077    0.370000   -0.349986
4.347964     0.275067    0.371414   -0.350269
4.354247     0.276075    0.372826   -0.350454
4.360531     0.277100    0.374235   -0.350541
4.366814     0.278143    0.375641   -0.350531
4.373097     0.279205    0.377045   -0.350424
4.379380     0.280284    0.378446   -0.350221
4.385663     0.281382    0.379843   -0.349921
4.391947     0.282498    0.381238   -0.349525
4.398230     0.283633    0.382631   -0.349033
4.404513     0.284787    0.384020   -0.348447
4.410796     0.285959    0.385406   -0.347767
4.417079     0.287151    0.386790   -0.346992
4.423362     0.288361    0.388170   -0.346125
4.429646     0.289591    0.389548   -0.345165
4.435929     0.290841    0.390923   -0.344113
4.442212     0.292110    0.392295   -0.342970
4.448495     0.293399    0.393664   -0.341737
4.454778     0.294707    0.395030   -0.340414
4.461062     0.296036    0.396393   -0.339002
4.467345     0.297386    0.397754   -0.337502
4.473628     0.298755    0.399112   -0.335915
4.479911     0.300145    0.400467   -0.334242
4.486194     0.301557    0.401819   -0.332484
4.492477     0.302989    0.403169   -0.330641
4.498761     0.304442    0.404516   -0.328715
4.505044     0.305916    0.405861   -0.326706
4.511327     0.307412    0.407204   -0.324617
4.517610     0.308930    0.408544   -0.322446
4.523893     0.310470    0.409881   -0.320197
4.530177     0.312032    0.411217   -0.317869
4.536460     0.313616    0.412550   -0.315465
4.542743     0.315222    0.413882   -0.312984
4.549026     0.316851    0.415211   -0.310429
4.555309     0.318503    0.416538   -0.307800
4.561593     0.320178    0.417864   -0.305099
4.567876     0.321877    0.419189   -0.302327
4.574159     0.323599    0.420511   -0.299485
4.580442     0.325344    0.421833   -0.296574
4.586725     0.327114    0.423153   -0.293596
4.593008     0.328907    0.424472   -0.290551
4.599292     0.330725    0.425790   -0.287442
4.605575     0.332568    0.427107   -0.284270
4.611858     0.334435    0.428423   -0.281035
4.618141     0.336327    0.429739   -0.277740
4.624424     0.338245    0.431054   -0.274385
4.630708     0.340188    0.432370   -0.270972
4.636991     0.342157    0.433685   -0.267503
4.643274     0.344152    0.435000   -0.263978
4.649557     0.346173    0.436316   -0.260399
4.655840     0.348220    0.437632   -0.256768
4.662123     0.350294    0.438949   -0.253085
4.668407     0.352396    0.440267   -0.249353
4.674690     0.354524    0.441585   -0.245573
4.680973     0.356680    0.442905   -0.241746
4.687256     0.358863    0.444227   -0.237873
4.693539     0.361075    0.445550   -0.233956
4.699823     0.363314    0.446876   -0.229997
4.706106     0.365582    0.448203   -0.225997
4.712389     0.367879    0.449533   -0.221957
4.718672     0.370205    0.450866   -0.217879
4.724955     0.372561    0.452201   -0.213764
4.731239     0.374946    0.453540   -0.209614
4.737522     0.377361    0.454882   -0.205430
4.743805     0.379806    0.456228   -0.201214
4.750088     0.382281    0.457578   -0.196967
4.756371     0.384787    0.458932   -0.192690
4.762654     0.387324    0.460290   -0.188385
4.768938     0.389893    0.461654   -0.184053
4.775221     0.392493    0.463023   -0.179696
4.781504     0.395125    0.464397   -0.175315
4.787787     0.397790    0.465777   -0.170912
4.794070     0.400486    0.467162   -0.166488
4.800354     0.403216    0.468555   -0.162044
4.806637     0.405979    0.469954   -0.157582
4.812920     0.408775    0.471360   -0.153103
4.819203     0.411606    0.472774   -0.148609
4.825486     0.414470    0.474195   -0.144100
4.831770     0.417369    0.475625   -0.139579
4.838053     0.420302    0.477063   -0.135047
4.844336     0.423271    0.478509   -0.130504
4.850619     0.426275    0.479965   -0.125953
4.856902     0.429315    0.481431   -0.121395
4.863185     0.432391    0.482907   -0.116830
4.869469     0.435503    0.484393   -0.112261
4.875752     0.438652    0.485890   -0.107688
4.882035     0.441838    0.487398   -0.103113
4.888318     0.445062    0.488917   -0.098537
4.894601     0.448324    0.490449   -0.093962
4.900885     0.451624    0.491993   -0.089388
4.907168     0.454962    0.493550   -0.084816
4.913451     0.458340    0.495121   -0.080249
4.919734     0.461756    0.496705   -0.075687
4.926017     0.465212    0.498304   -0.071131
4.932300     0.468709    0.499917   -0.066583
4.938584     0.472246    0.501545   -0.062043
4.944867     0.475823    0.503189   -0.057513
4.951150     0.479442    0.504850   -0.052994
4.957433     0.483102    0.506526   -0.048487
4.963716     0.486804    0.508220   -0.043994
4.970000     0.490549    0.509932   -0.039514
4.976283     0.494336    0.511662   -0.035049
4.982566     0.498166    0.513410   -0.030601
4.988849     0.502040    0.515178   -0.026170
4.995132     0.505958    0.516966   -0.021757
5.001416     0.509919    0.518773   -0.017363
5.007699     0.513926    0.520602   -0.012990
5.013982     0.517978    0.522452   -0.008638
5.020265     0.522075    0.524324   -0.004307
5.026548     0.526218    0.526218   -0.000000
5.032831     0.530408    0.528136   0.004283
5.039115     0.534644    0.530077   0.008542
5.045398     0.538927    0.532042   0.012775
5.051681     0.543258    0.534033   0.016982
5.057964     0.547637    0.536048   0.021161
5.064247     0.552064    0.538090   0.025312
5.070531     0.556540    0.540159   0.029434
5.076814     0.561066    0.542255   0.033527
5.083097     0.565641    0.544379   0.037589
5.089380     0.570266    0.546531   0.041621
5.095663     0.574942    0.548713   0.045620
5.101946     0.579669    0.550925   0.049587
5.108230     0.584447    0.553168   0.053520
5.114513     0.589277    0.555441   0.057420
5.120796     0.594160    0.557747   0.061285
5.127079     0.599095    0.560085   0.065114
5.133362     0.604084    0.562457   0.068908
5.139646     0.609126    0.564863   0.072666
5.145929     0.614222    0.567304   0.076387
5.152212     0.619373    0.569780   0.080070
5.158495     0.624579    0.572292   0.083715
5.164778     0.629840    0.574842   0.087321
5.171062     0.635157    0.577429   0.090888
5.177345     0.640531    0.580055   0.094416
5.183628     0.645961    0.582719   0.097903
5.189911     0.651449    0.585424   0.101350
5.196194     0.656994    0.588170   0.104756
5.202477     0.662598    0.590957   0.108120
5.208761     0.668260    0.593787   0.111443
5.215044     0.673981    0.596660   0.114723
5.221327     0.679762    0.599577   0.117960
5.227610     0.685603    0.602539   0.121155
5.233893     0.691505    0.605546   0.124306
5.240177     0.697467    0.608600   0.127413
5.246460     0.703491    0.611702   0.130477
5.252743     0.709576    0.614851   0.133495
5.259026     0.715724    0.618050   0.136470
5.265309     0.721935    0.621298   0.139399
5.271592     0.728209    0.624598   0.142283
5.277876     0.734547    0.627949   0.145121
5.284159     0.740949    0.631353   0.147914
5.290442     0.747416    0.634810   0.150660
5.296725     0.753947    0.638321   0.153361
5.303008     0.760545    0.641888   0.156015
5.309292     0.767208    0.645512   0.158622
5.315575     0.773938    0.649192   0.161183
5.321858     0.780735    0.652931   0.163697
5.328141     0.787599    0.656729   0.166163
5.334424     0.794531    0.660587   0.168582
5.340708     0.801531    0.664506   0.170954
5.346991     0.808600    0.668487   0.173278
5.353274     0.815738    0.672531   0.175555
5.359557     0.822946    0.676639   0.177784
5.365840     0.830224    0.680813   0.179965
5.372123     0.837572    0.685052   0.182098
5.378407     0.844991    0.689359   0.184183
5.384690     0.852482    0.693733   0.186220
5.390973     0.860045    0.698177   0.188208
5.397256     0.867679    0.702691   0.190149
5.403539     0.875387    0.707277   0.192041
5.409823     0.883168    0.711935   0.193885
5.416106     0.891022    0.716666   0.195680
5.422389     0.898950    0.721472   0.197427
5.428672     0.906952    0.726354   0.199126
5.434955     0.915029    0.731313   0.200777
5.441238     0.923182    0.736349   0.202379
5.447522     0.931410    0.741465   0.203933
5.453805     0.939713    0.746660   0.205438
5.460088     0.948094    0.751937   0.206895
5.466371     0.956551    0.757297   0.208304
5.472654     0.965085    0.762740   0.209665
5.478938     0.973696    0.768268   0.210978
5.485221     0.982386    0.773883   0.212242
5.491504     0.991154    0.779584   0.213458
5.497787     1.000000    0.785374   0.214626
5.504070     1.008925    0.791253   0.215746
5.510354     1.017930    0.797224   0.216819
5.516637     1.027014    0.803286   0.217843
5.522920     1.036178    0.809442   0.218820
5.529203     1.045423    0.815693   0.219749
5.535486     1.054748    0.822039   0.220630
5.541769     1.064154    0.828483   0.221464
5.548053     1.073642    0.835025   0.222250
5.554336     1.083210    0.841667   0.222989
5.560619     1.092861    0.848409   0.223681
5.566902     1.102594    0.855255   0.224325
5.573185     1.112409    0.862204   0.224922
5.579469     1.122307    0.869257   0.225473
5.585752     1.132288    0.876418   0.225976
5.592035     1.142352    0.883686   0.226433
5.598318     1.152499    0.891063   0.226843
5.604601     1.162730    0.898550   0.227207
5.610884     1.173045    0.906150   0.227524
5.617168     1.183444    0.913862   0.227794
5.623451     1.193927    0.921690   0.228018
5.629734     1.204495    0.929633   0.228197
5.636017     1.215147    0.937694   0.228329
5.642300     1.225884    0.945874   0.228415
5.648584     1.236706    0.954174   0.228455
5.654867     1.247613    0.962596   0.228450
5.661150     1.258605    0.971141   0.228399
5.667433     1.269682    0.979811   0.228302
5.673716     1.280845    0.988607   0.228160
5.680000     1.292093    0.997531   0.227973
5.686283     1.303427    1.006584   0.227741
5.692566     1.314847    1.015768   0.227463
5.698849     1.326352    1.025084   0.227140
5.705132     1.337943    1.034535   0.226773
5.711415     1.349620    1.044120   0.226360
5.717699     1.361383    1.053843   0.225903
5.723982     1.373232    1.063704   0.225401
5.730265     1.385166    1.073705   0.224855
5.736548     1.397186    1.083847   0.224264
5.742831     1.409292    1.094134   0.223629
5.749115     1.421483    1.104565   0.222949
5.755398     1.433760    1.115142   0.222225
5.761681     1.446122    1.125868   0.221457
5.767964     1.458570    1.136743   0.220645
5.774247     1.471103    1.147770   0.219789
5.780530     1.483721    1.158951   0.218889
5.786814     1.496424    1.170286   0.217945
5.793097     1.509211    1.181777   0.216957
5.799380     1.522084    1.193427   0.215926
5.805663     1.535040    1.205237   0.214850
5.811946     1.548081    1.217208   0.213731
5.818230     1.561205    1.229343   0.212568
5.824513     1.574413    1.241643   0.211362
5.830796     1.587705    1.254109   0.210112
5.837079     1.601079    1.266745   0.208818
5.843362     1.614536    1.279551   0.207481
5.849646     1.628076    1.292529   0.206100
5.855929     1.641697    1.305681   0.204676
5.862212     1.655400    1.319009   0.203208
5.868495     1.669184    1.332514   0.201697
5.874778     1.683049    1.346200   0.200142
5.881061     1.696994    1.360066   0.198544
5.887345     1.711018    1.374116   0.196902
5.893628     1.725123    1.388351   0.195216
5.899911     1.739306    1.402772   0.193487
5.906194     1.753567    1.417383   0.191714
5.912477     1.767906    1.432184   0.189898
5.918761     1.782322    1.447178   0.188038
5.925044     1.796815    1.462367   0.186134
5.931327     1.811384    1.477752   0.184186
5.937610     1.826028    1.493336   0.182194
5.943893     1.840746    1.509120   0.180159
5.950176     1.855539    1.525106   0.178079
5.956460     1.870404    1.541297   0.175955
5.962743     1.885343    1.557695   0.173787
5.969026     1.900353    1.574301   0.171575
5.975309     1.915434    1.591117   0.169318
5.981592     1.930585    1.608145   0.167016
5.987876     1.945805    1.625389   0.164670
5.994159     1.961094    1.642849   0.162280
6.000442     1.976451    1.660527   0.159844
6.006725     1.991874    1.678426   0.157363
6.013008     2.007363    1.696548   0.154837
6.019292     2.022916    1.714895   0.152266
6.025575     2.038534    1.733469   0.149649
6.031858     2.054214    1.752272   0.146987
6.038141     2.069956    1.771307   0.144278
6.044424     2.085759    1.790575   0.141524
6.050707     2.101621    1.810078   0.138723
6.056991     2.117542    1.829819   0.135876
6.063274     2.133521    1.849801   0.132982
6.069557     2.149555    1.870024   0.130041
6.075840     2.165645    1.890492   0.127054
6.082123     2.181789    1.911207   0.124018
6.088407     2.197985    1.932170   0.120936
6.094690     2.214233    1.953385   0.117805
6.100973     2.230530    1.974853   0.114626
6.107256     2.246877    1.996577   0.111399
6.113539     2.263271    2.018558   0.108123
6.119822     2.279711    2.040800   0.104799
6.126106     2.296196    2.063305   0.101425
6.132389     2.312724    2.086074   0.098001
6.138672     2.329294    2.109111   0.094528
6.144955     2.345905    2.132417   0.091004
6.151238     2.362554    2.155995   0.087430
6.157522     2.379241    2.179848   0.083805
6.163805     2.395963    2.203977   0.080129
6.170088     2.412720    2.228385   0.076401
6.176371     2.429510    2.253075   0.072622
6.182654     2.446331    2.278049   0.068790
6.188938     2.463181    2.303309   0.064905
6.195221     2.480059    2.328858   0.060967
6.201504     2.496963    2.354699   0.056975
6.207787     2.513892    2.380833   0.052929
6.214070     2.530843    2.407264   0.048829
6.220353     2.547815    2.433993   0.044674
6.226637     2.564806    2.461024   0.040464
6.232920     2.581815    2.488358   0.036198
6.239203     2.598839    2.515999   0.031876
6.245486     2.615877    2.543949   0.027497
6.251769     2.632926    2.572211   0.023060
6.258053     2.649985    2.600786   0.018566
6.264336     2.667052    2.629679   0.014013
6.270619     2.684126    2.658890   0.009402
6.276902     2.701203    2.688424   0.004731
6.283185     2.718282    2.718282   -0.000000
